# Narayana representation system
{0,1} {0,1} {0,1}

0 1
0 0 0 -> 0
0 0 1 -> 1
1 0 1 -> 2
0 1 1 -> 2

1 0
0 0 0 -> 3
1 0 0 -> 4
0 1 0 -> 5
1 1 0 -> 6

2 1
0 0 0 -> 7

3 0
1 0 0 -> 8
0 1 0 -> 9
1 1 0 -> 10

4 0
0 0 0 -> 11
0 1 0 -> 12

5 0
0 0 0 -> 13
1 0 0 -> 14

6 1
0 0 0 -> 15

7 1
0 0 0 -> 0

8 0
0 1 0 -> 16

9 0
1 0 0 -> 17

10 0
0 0 0 -> 18
0 0 1 -> 19

11 0
0 0 0 -> 20
0 1 0 -> 21
0 1 1 -> 22

12 1
0 0 0 -> 23
0 0 1 -> 24

13 0
0 0 0 -> 20
1 0 0 -> 25
1 0 1 -> 26

14 1
0 0 0 -> 23
0 0 1 -> 27

15 0
0 0 1 -> 28

16 0
0 0 0 -> 29

17 0
0 0 0 -> 30

18 1
0 0 0 -> 31
0 0 1 -> 32

19 0
0 0 0 -> 33

20 0
0 0 0 -> 3
1 0 0 -> 34
0 1 0 -> 35
1 1 0 -> 36
1 1 1 -> 37

21 1
0 0 0 -> 38
0 0 1 -> 39
1 0 1 -> 2

22 0
0 0 0 -> 40
1 0 0 -> 41

23 0
0 0 0 -> 42
0 0 1 -> 43

24 1
0 0 0 -> 44
1 0 0 -> 45

25 1
0 0 0 -> 46
0 0 1 -> 47
0 1 1 -> 2

26 0
0 0 0 -> 48
0 1 0 -> 49

27 1
0 0 0 -> 44
0 1 0 -> 45

28 0
0 0 0 -> 45

29 0
0 0 0 -> 3
1 0 0 -> 34

30 0
0 0 0 -> 3
0 1 0 -> 35

31 1
0 0 0 -> 50
1 0 0 -> 36
0 1 0 -> 36
0 0 1 -> 51
1 0 1 -> 52
0 1 1 -> 53
1 1 1 -> 54

32 0
0 0 0 -> 55
1 0 0 -> 56
0 1 0 -> 57
1 1 0 -> 58

33 0
1 1 0 -> 59

34 0
0 0 0 -> 11
0 1 0 -> 12
0 1 1 -> 16

35 0
0 0 0 -> 13
1 0 0 -> 14
1 0 1 -> 17

36 1
0 0 0 -> 15
0 0 1 -> 60

37 0
0 0 0 -> 61

38 1
0 0 0 -> 0
0 0 1 -> 1
1 0 1 -> 2

39 0
0 0 0 -> 3
1 0 0 -> 4

40 0
1 0 0 -> 8

41 0
0 0 0 -> 11

42 0
0 0 1 -> 2

43 1
0 0 0 -> 62
1 0 0 -> 6
0 1 0 -> 6

44 0
0 0 0 -> 63
1 0 0 -> 64
0 1 0 -> 65
1 1 0 -> 66

45 1
0 0 0 -> 67

46 1
0 0 0 -> 0
0 0 1 -> 1
0 1 1 -> 2

47 0
0 0 0 -> 3
0 1 0 -> 5

48 0
0 1 0 -> 9

49 0
0 0 0 -> 13

50 0
0 0 0 -> 68
1 0 0 -> 14
0 1 0 -> 12
0 0 1 -> 69
1 0 1 -> 70
0 1 1 -> 71
1 1 1 -> 72

51 0
1 0 0 -> 8
0 1 0 -> 9
1 1 0 -> 73

52 0
0 0 0 -> 74
0 1 0 -> 75

53 0
0 0 0 -> 76
1 0 0 -> 75

54 1

55 0
1 1 0 -> 77

56 0
0 0 0 -> 78
0 1 0 -> 79

57 0
0 0 0 -> 80
1 0 0 -> 81

58 0
0 0 0 -> 82

59 0
0 0 0 -> 83

60 1
0 0 0 -> 84

61 0
0 0 0 -> 20

62 0
0 0 0 -> 68
1 0 0 -> 14
0 1 0 -> 12

63 0
0 0 0 -> 69
1 0 0 -> 85
0 1 0 -> 86
1 1 0 -> 87
1 1 1 -> 88

64 0
0 0 0 -> 89
0 1 0 -> 15
0 0 1 -> 90
0 1 1 -> 91

65 0
0 0 0 -> 92
1 0 0 -> 15
0 0 1 -> 93
1 0 1 -> 94

66 1
0 0 1 -> 95

67 1
0 0 0 -> 23
0 0 1 -> 96

68 0
0 0 0 -> 20
1 0 0 -> 25
0 1 0 -> 21
1 0 1 -> 26
0 1 1 -> 22
1 1 1 -> 2

69 0
1 1 0 -> 37

70 0
0 0 0 -> 30
0 1 0 -> 97

71 0
0 0 0 -> 29
1 0 0 -> 98

72 1
0 0 0 -> 99

73 0
0 0 0 -> 18

74 0
0 0 0 -> 20
0 1 0 -> 21

75 1
0 0 0 -> 23

76 0
0 0 0 -> 20
1 0 0 -> 25

77 0
0 0 0 -> 19

78 0
0 1 0 -> 22

79 0
0 0 0 -> 100
0 0 1 -> 101

80 0
1 0 0 -> 26

81 0
0 0 0 -> 102
0 0 1 -> 103

82 1
0 0 0 -> 104
0 0 1 -> 105

83 0
0 0 0 -> 106

84 1
0 0 0 -> 50
1 0 0 -> 36
0 1 0 -> 36

85 0
0 0 0 -> 30
0 1 0 -> 107
0 1 1 -> 108

86 0
0 0 0 -> 29
1 0 0 -> 109
1 0 1 -> 110

87 1
0 0 0 -> 23
0 0 1 -> 111

88 0
0 0 0 -> 112

89 1
0 0 0 -> 31
0 1 0 -> 42
0 0 1 -> 32
0 1 1 -> 113

90 0
0 0 0 -> 33
0 1 0 -> 114

91 1
0 0 0 -> 115

92 1
0 0 0 -> 31
1 0 0 -> 42
0 0 1 -> 32
1 0 1 -> 116

93 0
0 0 0 -> 33
1 0 0 -> 117

94 1
0 0 0 -> 118

95 0
0 0 0 -> 119

96 1
0 0 0 -> 44
1 0 0 -> 45
0 1 0 -> 45

97 1
0 0 0 -> 38

98 1
0 0 0 -> 46

99 0
0 0 0 -> 42

100 1
0 0 0 -> 120
1 0 0 -> 121
0 0 1 -> 33
1 0 1 -> 122

101 0
1 0 0 -> 123

102 1
0 0 0 -> 120
0 1 0 -> 124
0 0 1 -> 33
0 1 1 -> 125

103 0
0 1 0 -> 126

104 0
0 0 0 -> 127
0 0 1 -> 128
1 0 1 -> 129
0 1 1 -> 129

105 1
0 0 0 -> 130
1 0 0 -> 131
0 1 0 -> 132
1 1 0 -> 54

106 0
0 0 0 -> 55
1 0 0 -> 56
0 1 0 -> 57
1 1 0 -> 133

107 1
0 0 0 -> 38
0 0 1 -> 39

108 0
0 0 0 -> 40

109 1
0 0 0 -> 46
0 0 1 -> 47

110 0
0 0 0 -> 48

111 1
0 0 0 -> 44

112 0
0 0 0 -> 3

113 1
0 0 0 -> 134
1 0 0 -> 6

114 0
0 0 0 -> 135
1 0 0 -> 136

115 1
0 0 0 -> 50
1 0 0 -> 36

116 1
0 0 0 -> 137
0 1 0 -> 6

117 0
0 0 0 -> 138
0 1 0 -> 139

118 1
0 0 0 -> 50
0 1 0 -> 36

119 0
0 0 0 -> 36

120 0
0 0 0 -> 63
1 0 0 -> 64
0 1 0 -> 65
1 1 0 -> 66
1 0 1 -> 8
0 1 1 -> 9
1 1 1 -> 140

121 1
0 0 0 -> 67
0 0 1 -> 141
0 1 1 -> 72

122 0
0 0 0 -> 138
0 1 0 -> 142

123 0
0 1 0 -> 143

124 1
0 0 0 -> 67
0 0 1 -> 144
1 0 1 -> 72

125 0
0 0 0 -> 135
1 0 0 -> 145

126 0
1 0 0 -> 146

127 1
0 0 0 -> 67
0 0 1 -> 147
1 0 1 -> 72
0 1 1 -> 72

128 0
0 0 0 -> 148
1 0 0 -> 149
0 1 0 -> 150
1 1 0 -> 54

129 1
0 0 0 -> 75

130 0
0 0 0 -> 151
1 0 0 -> 152
0 1 0 -> 153
1 1 0 -> 154

131 0
0 0 0 -> 155
0 1 0 -> 156

132 0
0 0 0 -> 157
1 0 0 -> 156

133 0
0 0 0 -> 82
0 0 1 -> 83

134 0
0 0 0 -> 68
1 0 0 -> 14

135 0
0 0 0 -> 69
1 0 0 -> 85

136 0
0 0 0 -> 89
0 0 1 -> 90

137 0
0 0 0 -> 68
0 1 0 -> 12

138 0
0 0 0 -> 69
0 1 0 -> 86

139 0
0 0 0 -> 92
0 0 1 -> 93

140 0
0 0 0 -> 158

141 0
0 0 0 -> 159
0 1 0 -> 97

142 0
0 0 0 -> 92

143 0
0 0 0 -> 93

144 0
0 0 0 -> 159
1 0 0 -> 98

145 0
0 0 0 -> 89

146 0
0 0 0 -> 90

147 0
0 0 0 -> 159
1 0 0 -> 98
0 1 0 -> 97

148 0
0 0 0 -> 69
1 0 0 -> 85
0 1 0 -> 86
1 1 0 -> 87

149 0
0 0 0 -> 89
0 1 0 -> 15

150 0
0 0 0 -> 92
1 0 0 -> 15

151 0
1 1 0 -> 88

152 0
0 0 0 -> 90
0 1 0 -> 160

153 0
0 0 0 -> 93
1 0 0 -> 161

154 0
0 0 0 -> 162
0 0 1 -> 163

155 0
0 0 0 -> 164
0 1 0 -> 165
0 0 1 -> 166
0 1 1 -> 167

156 1
0 0 0 -> 168
0 0 1 -> 169

157 0
0 0 0 -> 164
1 0 0 -> 170
0 0 1 -> 166
1 0 1 -> 171

158 1
0 0 0 -> 31

159 0
0 0 0 -> 3
1 0 0 -> 34
0 1 0 -> 35
1 1 0 -> 36

160 1
0 0 0 -> 172
0 0 1 -> 173

161 1
0 0 0 -> 174
0 0 1 -> 175

162 0
0 0 0 -> 176
0 0 1 -> 177

163 1
0 0 0 -> 178

164 1
0 0 0 -> 120
1 0 0 -> 121
0 1 0 -> 124
0 0 1 -> 33
1 0 1 -> 122
0 1 1 -> 125
1 1 1 -> 129

165 0
0 0 0 -> 42
0 0 1 -> 179

166 0
1 0 0 -> 123
0 1 0 -> 126
1 1 0 -> 180

167 1
0 0 0 -> 181
1 0 0 -> 45

168 0
0 0 1 -> 182

169 0
0 0 0 -> 183

170 0
0 0 0 -> 42
0 0 1 -> 184

171 1
0 0 0 -> 185
0 1 0 -> 45

172 1
0 0 0 -> 50
1 0 0 -> 36
0 0 1 -> 51
1 0 1 -> 52

173 0
0 0 0 -> 55
1 0 0 -> 56

174 1
0 0 0 -> 50
0 1 0 -> 36
0 0 1 -> 51
0 1 1 -> 53

175 0
0 0 0 -> 55
0 1 0 -> 57

176 0
0 0 0 -> 36
0 0 1 -> 186
1 0 1 -> 54
0 1 1 -> 54

177 1
0 0 0 -> 187
1 0 0 -> 188
0 1 0 -> 189
1 1 0 -> 54

178 0
0 0 0 -> 190
1 0 0 -> 191
0 1 0 -> 192
1 1 0 -> 193

179 1
0 0 0 -> 62
1 0 0 -> 6

180 0
0 0 0 -> 194

181 0
0 0 0 -> 63
1 0 0 -> 64

182 0
0 0 0 -> 6

183 1
0 0 0 -> 195
1 0 0 -> 66
0 1 0 -> 66

184 1
0 0 0 -> 62
0 1 0 -> 6

185 0
0 0 0 -> 63
0 1 0 -> 65

186 0
0 0 0 -> 196
1 0 0 -> 75
0 1 0 -> 75

187 0
0 0 0 -> 197
1 0 0 -> 198
0 1 0 -> 199
1 1 0 -> 156

188 0
0 0 0 -> 200

189 0
0 0 0 -> 201

190 0
1 0 0 -> 202
0 1 0 -> 203
1 1 0 -> 204

191 0
0 0 0 -> 205
0 1 0 -> 206
0 1 1 -> 207

192 0
0 0 0 -> 208
1 0 0 -> 209
1 0 1 -> 210

193 0
0 0 0 -> 211
0 0 1 -> 212

194 0
0 0 0 -> 164
0 0 1 -> 166

195 0
0 0 0 -> 213
1 0 0 -> 15
0 1 0 -> 15
0 0 1 -> 214
1 0 1 -> 94
0 1 1 -> 91

196 0
0 0 0 -> 20
1 0 0 -> 25
0 1 0 -> 21

197 0
1 0 0 -> 26
0 1 0 -> 22
1 1 0 -> 215

198 0
0 0 0 -> 102
0 1 0 -> 165
0 0 1 -> 103
0 1 1 -> 216

199 0
0 0 0 -> 100
1 0 0 -> 170
0 0 1 -> 101
1 0 1 -> 217

200 1
0 0 0 -> 104
0 0 1 -> 105
0 1 1 -> 28

201 1
0 0 0 -> 104
0 0 1 -> 105
1 0 1 -> 28

202 0
0 1 0 -> 108

203 0
1 0 0 -> 110

204 0
0 0 0 -> 218

205 0
0 0 0 -> 106
0 1 0 -> 219
0 1 1 -> 220

206 1
0 0 0 -> 221
0 0 1 -> 222

207 0
0 0 0 -> 173

208 0
0 0 0 -> 106
1 0 0 -> 223
1 0 1 -> 224

209 1
0 0 0 -> 225
0 0 1 -> 226

210 0
0 0 0 -> 175

211 0
0 0 0 -> 227
0 0 1 -> 228

212 1
0 0 0 -> 229

213 1
0 0 0 -> 31
1 0 0 -> 42
0 1 0 -> 42
0 0 1 -> 32
1 0 1 -> 116
0 1 1 -> 113

214 0
0 0 0 -> 33
1 0 0 -> 117
0 1 0 -> 114
1 1 0 -> 45

215 1
0 0 0 -> 230
0 0 1 -> 112

216 1
0 0 0 -> 181

217 1
0 0 0 -> 185

218 1
0 0 0 -> 120
0 0 1 -> 33

219 1
0 0 0 -> 231
1 0 0 -> 36
0 0 1 -> 40
1 0 1 -> 232

220 0
1 0 0 -> 233

221 0
0 0 0 -> 127
0 0 1 -> 128
1 0 1 -> 129

222 1
0 0 0 -> 130
1 0 0 -> 131

223 1
0 0 0 -> 234
0 1 0 -> 36
0 0 1 -> 48
0 1 1 -> 235

224 0
0 1 0 -> 236

225 0
0 0 0 -> 127
0 0 1 -> 128
0 1 1 -> 129

226 1
0 0 0 -> 130
0 1 0 -> 132

227 0
0 0 1 -> 129

228 0
0 0 0 -> 237
1 0 0 -> 54
0 1 0 -> 54

229 1
0 0 0 -> 238
1 0 0 -> 239
0 1 0 -> 240
1 1 0 -> 54

230 1
0 0 0 -> 0
0 0 1 -> 1

231 0
0 0 0 -> 68
1 0 0 -> 14
0 0 1 -> 69
1 0 1 -> 70

232 0
0 0 0 -> 74

233 0
0 0 0 -> 78

234 0
0 0 0 -> 68
0 1 0 -> 12
0 0 1 -> 69
0 1 1 -> 71

235 0
0 0 0 -> 76

236 0
0 0 0 -> 80

237 0
0 0 0 -> 241
1 0 0 -> 156
0 1 0 -> 156

238 0
0 0 0 -> 197
1 0 0 -> 198
0 1 0 -> 199
1 1 0 -> 156
1 0 1 -> 202
0 1 1 -> 203
1 1 1 -> 242

239 0
0 0 0 -> 200
0 0 1 -> 243
0 1 1 -> 244

240 0
0 0 0 -> 201
0 0 1 -> 245
1 0 1 -> 244

241 0
0 0 0 -> 164
1 0 0 -> 170
0 1 0 -> 165
0 0 1 -> 166
1 0 1 -> 171
0 1 1 -> 167

242 0
0 0 0 -> 246

243 0
0 0 0 -> 106
0 1 0 -> 247

244 1
0 0 0 -> 248

245 0
0 0 0 -> 106
1 0 0 -> 249

246 1
0 0 0 -> 120

247 1
0 0 0 -> 231
1 0 0 -> 36

248 0
0 0 0 -> 127

249 1
0 0 0 -> 234
0 1 0 -> 36
